$ANSIBLE_VAULT;1.1;AES256
66386462616365346363336364393731643331396437643464306430343161613634366461373966
6161373563383766616138363831383832303637613631330a373831663837653065366231643461
62313635316564666530396539613835336235643539393031323534346136623631616637626433
6134656636653030370a373231343135376432303434373764383966373330346366646261386231
38636464633630626536653762303962616432653263306431656230393031616539656138653233
31643665656132393134343436653531616538373033353831316438303363663632666535656362
34666632326334336433636539333536663766303765376666376230343033313164643430363338
63353036643064653863613736333763333933643663376632343266353937316265336538316134
33623064323634616530333736616633663134303636316435643935373138633532383434346562
30333966316366383434313364363164316233386535666461366339353761383138363430666666
33383166666666636464306434623836643263373764333037326439613135393438643438623434
33623236613364333430383962653633313565663532333037346661386631616238313338666431
39656331346231356234323838323333636439393037396164326130366534653438346637313837
64346138353766613932373737323665373961386134636664376330656334666161336237663833
34396561613837343366343865336161366631383966613139313339376664383337346231366437
39636233393130383562666433386266333138666639363066646664363233353831653765613339
66636238643464373336313832326230613938613735663138346231656138646162313164333230
36353365383466386665396134376561343666613234653532383135343462616264656635613164
35323165393134343263636239366261373837336665313035376633303534623931653435353139
35333265366439323363613165366264393037313464346137373730633561336138633835326237
65653264613433376434376439393433646164373836633232336235343065353232646338306238
37393534393539373038633838616637316637343135363131613230303962386433363238356365
37313137633639343034373262376332323831613939636138313235343534303431663330343830
31353337346361343039313433356265376664343462333739643031363865343139303332373765
62643539663938336661616335303237306232346235346664663162646632376262353663653135
65633839313965303439306332356165333061626634326366303432386638386431636535316635
64653461663732623636366364643135643661346334613034326164633131643534613361653434
32633462306439323830383537373338313038353333643161623233393661646639613363313938
34616163393333386264613332623562363833326566646634616532303966653064626365336339
63383262393538663361366363373861666161373932336139303833393765636663633466666331
36383165383434313133636236356261383031656230666462393239373635323737653231343236
34383862346137353931386133303930386435663837333066383561303434326565393364623764
61626634633866346166306632393762333839396130653161396438346236363538343432643266
33653830653839646464336663323234353339626465306432303766346236323262336437393461
66326332333734363463663334643064333930323230346537383436646332306431333166663364
38353937313634393665643061336366346566353261643739656132306131626461376465326336
34633361303935623531363262656263633235663066303964363862663863393165353364623033
65393636393464626431366463383733393564363531373133343464323937653132616338386361
38353636633236356233366639393062363264353637636635313637363730363166313961633666
63373434386235326365343361356137393765366531613131353737313437316661666161376564
62623562633830653565666530653662336532613936343661363861623830636165333939343333
62303930313665323234633536633736376564343836356637393135333763346563343766643236
39376135633161663132346562633061616264363465616435346336306335643733303366626634
31656461643830333134353065373261666362623634633961323430363031326237666631343134
65646236633734396163613434613433636639636263383932393532323831396463616261623564
34636138366535343136663136323431353563313430323930316639613366363132643438663566
38303162313035646361353337326665303832643563366535353066363731643661393938613331
35643664383739303330376632623335616266366133623037316438396131353330393266666431
34323438633739366265323031663061383165623366663663343966313261316436646634666434
65393237623466393130323433333538303430653066326131333630383636333563616233363839
66623065396330343564643433313736333035386364376437623161633334303133346562643036
34316261336139383565363735656636386539333761656461643665366436363237626237653231
61623737353063313530663731646363666536613861643163626562623030303863666236333566
61303137393263303936346631346662313561366138633036666466373864383634623461346236
31653134386138303462633864353539653563353162353135396661636533656330353639396162
31623766626132333061653339353233353631656666376336373834643939333766666462396264
64393731303561356332386430333063383837303937306533643834306535643831636463336465
30336333653930343763623236666461663139326134333465316236306261633738303662386438
63323133343831333336313562626635653762653936663061393236666439303363336365343962
34363361633138643632616131313939616266656661393034616163623565363363353164653264
65656138616238343564336162353463363632366438623664376662326637316163333534366364
36333661616561643738653832613636616135303237663965663965313464363266353961356336
31353862623935333930313463343065663937353166363839373061316537373566323964393566
34373735303330346234326631336264303930313737373131373061396365656465376637663166
63333335313130326333666237396235393361666537323234363065383663613663613338316431
31306132326431356162666334343439663361663038356437616436366136373362636465386161
32656534626665363935333564383437623463323063393563313230336663366538313963653238
39393334376331626462613737356261643437393736656362363034386435663861643663663466
35383363326332623036643263663137353533383965613835313763643235663139323032663732
65653434353732363039633338373063633466336439313266666664346336316238373662303064
30613564343039376433623035646639343932633737666663313065313234396231666137613263
65356539643831623838336333393834343037323861663763313132376336356231373162316162
34336331343533343633636637613337326563636165393032326162663235616334366466383038
33326333343963363134326633623131306563353966633161386665306362623939653733666363
30666466663935303033393534643365623866666662633065383838613837326437356261613565
65373239653165626231383139383463656236613734356639643065336437343838666561393039
62343366636536313333343334353330393037316539366239316134396265323932376337356466
63333831333134306365313534336535303237663839626135346265343863356366373830306535
64386235396462336266623230343432313838663261396138383537336434663165626437393334
38333939666336346239343934623164386138626237623362656462313761326663646662623532
65653364643834643465353837386362396237373261383563346136396165373366613438353066
31653166643434616162646437373133363564343833663431623562373534643036636564366564
36623239643065356430636234613431323762656430636666373734306332393339653161326462
63633362373432636366633933633430333734393230626365636366353866313533306163623938
35636463663233653930333762363333313962616439316431333763336234303264393961646134
30366466386539326636343939646664366437353765306234353864346664383366373333323565
30303232393932626162646336393130386333303363386661613062393737366137626539663933
65653364653537383539323734356136313130636562636461356333646531613038373530353963
63343366616634303937613032343238653738366236666238363637303466356330613166386230
33313136663137643439333863613238346265383831656531323736323039353262336632343338
34373936326438623262363339373264633032656263663631633834363533333764306566376230
30623534343836333064356662396133393236616462323764623866653235386465386564653237
38626338366262316233313532613965316137366565353734353834343534613663373062646565
32613362386637386336393163303764373835333437336663653238636364366637623035656163
39386633333161663734613161356330376266373163666335663165386130303336616161383534
32643362303538303339376636643432303763343962386438386663316135626139346661633465
30386235333439653735383236303163666464393934323736666266376332636562363666326432
31343633376139623438353432646530336637323861303661346237356662376336346631623836
34393863353331373233323537333262356439616638313162623566313135623736626561356330
66303031353932383739343431323936393366646636346332633964373236626530363933653462
34376362333936636134306630313838333961613963663836323562306636303165633031306433
36303434393534666366336533313733323666313430386530393639333164653339353838623765
38393339386265663536346437616530646130666438333031623466656639363863383235653535
39613734633961333064633837303338653739613337353233656232313933316238623861303861
62626562393531363633643833346134616665396433623566626561613833376366636632306134
64623161373335336631376231383466353338663935356362623366343939303465383333353163
64346139663331343063656264393666326461383539343139663361346534386164333764303138
33356136323065653033373337363830613939313438386562393034353035636263663238646437
62363536373262636161393032646437396536353733643530643264363738396535653265646237
65613562353636353732663135316437373735663761663233323234356130666330626330366665
38363334643038366236326635363066323639393965313365386236376463363835633136326631
37313831616235303331303839616535646238633162643963343664653836313934363364326130
38343938313766656138346263353133666432636665353865323034343938306266343032656335
35353765646336336461306161636439386238346136316634333637373064396134613561656265
39333834313331393632386133303930346364366636666461636262343661656664656463396561
65356538366237373937633832383636313639666531353765613262326537666562313966336361
66333362396136333734346363623337363139376263356136656532383736626538393631643162
63666437393565346235303438366339636339613639343566316432336264616532636561316131
35613236346433323631653730383863383233653336353934666164616363663637346531663138
61303464393838316531316230386564363832653334356433336538326365363764336634373136
34363066353366393231336361333438356638653765626133333234356365636137383136643064
33336664383031373935333138363461363030366536643636633262373036376437353733396161
33356462656131343439313435623166613861333061386336646333626330613162643632323166
66346639353965386631333263303936323263376330656631313164373964393739316434303836
65643064623733323735353132633939636634366364343939376236633034323834353563363036
36303138653039313437313433386363633233376464646630663266353866313362613165363761
63366563316233346233616434363739333064623336313833373633613934343762356436393836
38386531396164313433393538623962636338623765313534626231396163373366623563333663
33333934316366396531356665616162373831346366336563663064333839663139353430333539
36613631383730643737313836313032333561303365363631633466363936643230356433306133
63383234633536626530646565343965303437303265373665313235393332353763653336646264
38653938346339383461333564653664383365363339666637666365353063626562336334303833
65396563663663613731623435613130373134653136663039386137343763336237313032383136
65323336366662343734656136646431346632326639383162613138363336656463373433366663
396666653436653461663363326630643564
